1 2 3 4 5 6 7 8 9 10 11 12 13 14   
1 2 3 4 8 14                       
1 2 3 4 8 9 14
1 2 3 4 8 9 10 11 12 13 14
1 2 3 4 8 9 i(10 9) 14
1 2 3 4 8 i(9 10) 11 12 13 14
1 2 3 4 i(5 4) 8 14
1 2 3 4 i(5 4) 8 9 14
1 2 3 4 i(5 4) 8 9 10 11 12 13 14
1 2 3 4 i(5 4) 8 9 i(10 9) 14
1 2 3 4 i(5 4) 8 i(9 10) 11 12 13 14
1 2 3 i(4 5) 6 7 8 14
1 2 3 i(4 5) 6 7 8 9 14
1 2 3 i(4 5) 6 7 8 9 10 11 12 13 14
1 2 3 i(4 5) 6 7 8 9 i(10 9) 14
1 2 3 i(4 5) 6 7 8 i(9 10) 11 12 13 14
---------------------------------------------

[
[1 1 1 1 1 1 1 1 1 1 1 1 1 1]
[1 1 1 1 0 0 0 1 0 0 0 0 0 1]
[1 1 1 1 0 0 0 1 1 0 0 0 0 1]
[1 1 1 1 0 0 0 1 1 1 1 1 1 1]
[1 1 1 1 0 0 0 1 1 1 0 0 0 1]
[1 1 1 1 0 0 0 1 1 1 1 1 1 1]
[1 1 1 1 1 0 0 1 0 0 0 0 0 1]
[1 1 1 1 1 0 0 1 1 0 0 0 0 1]
[1 1 1 1 1 0 0 1 1 1 1 1 1 1]
[1 1 1 1 1 0 0 1 1 1 0 0 0 1]
[1 1 1 1 1 0 0 1 1 1 1 1 1 1]
[1 1 1 1 1 1 1 1 0 0 0 0 0 1]
[1 1 1 1 1 1 1 1 1 0 0 0 0 1]
[1 1 1 1 1 1 1 1 1 1 1 1 1 1]
[1 1 1 1 1 1 1 1 1 1 0 0 0 1]
[1 1 1 1 1 1 1 1 1 1 1 1 1 1]
]
